-0.1899
-0.5187
1.2788
0.824
0.0937
1.2799
0.9894
1.92
-13.521
0.23618
1.0188
-0.918
5.074835
3.0912
-1.1098
-1.43
0.9125
-1.8678
2.3424
0.95358
13.9035
-0.47454
0.60309
0.76
-0.9479
1.2686
0.233469
-2.68
-0.1331
0.7126
6.943293
-0.5342
0.63016
-1.4963
0.9287
-0.319189
-0.14856
0.8855
0.969
1.7614
-0.3796
-0.44501
0.3171
0.521104
1.7173
-0.7658
2.754479
-1.52717
0.0535
-0.39701
-0.9148
-2.09447
1.3203
-0.4373
-1.68
0.6397
0.635
2.9252
-0.03678
-0.5742
2.8213
-3.13613
-0.0808
-5.39
-1.4449
-3.136688
3.21
-0.1722
-1.28379
-0.9837
-0.6894
-1.6492
-0.2775
0.09871
1.52
0.4095
2.1282
NA
0.9595
3.1584
0.96296
-5.9645
1.8647
2.24223
-1.293
0.875
-1.9635
-3.17393
0.4951
-1.75
2.95334
2.074068
6.44604
0.76156
0.1274
0.7313
0.187439
1.8603
-0.94477
-2.3593
2.2355
1.93564
2.2584
-1.24949
-4.1531
2.3122
0.529149
-1.27072
-0.30451
-2.5317
3.3714
1.7586
-2.01
-0.73221
0.51349
-2.5154
-2.24167
-0.80123
0.4018
1.4883
-4.06969
-0.27632
-0.0244
1.30615
-1.249
6.0925
2.02202
-1.0497
-1.6097
0.585569
1.03586
0.68588
-2.0468
3.6919
-2.9028
4.52
-1.5566
3.21
-1.87
-1.0796
3.8252
3.1758
-0.437541
0.927
NA
-3.7007
1.61
1.2566
-2.41755
3.0205
-1.49606
0.4795
4.407719
NA
-2
0.7732
-1.0064
-3.15831
-1.7633
1.6635
0.5239
-1.1371
-2.3895
3.1157
-2.49237
-4.61481
-0.1275
0.01833
-0.0858
6.6025
-4.043966
-2.32683
3.089
-2.5835
1.52126
-2.3674
-3.49045
2.5221
0.327
-0.7942
3.8594
0.6898
-0.814
-3.07318
0.1374
-0.741088
1.50098
-0.00295
3.23427
1.08
0.8413
2.80543
-1.92524
-0.0103
2.9154
-1.34
0.6285
5.01069
-1.6391
2.5325
0.30712
0.3781
-2.61
0.58678
-1.44
-1.4799
1.669
-3.1138
-2.3669
-0.121
2.6896
-4.46782
2.0706
-3.21177
0.87639
3.6696
-0.69
-1.14757
-3.7986
0.2339
-1.37553
0.8238
0.79605
0.0443
-1.4921
-1.46793
0.5186
1.8192
-0.89685
-7.18483
-1.2197
-3.029
3.3753
0.3059
-0.5686
-5.084
0.696
-0.1515
7.7333
-0.4734
-0.7941
1.0857
-1.849768
-1.47688
-0.377
-2.7467
0.6485
0.8302
2.3462
0.3446
0.609
0.5832
-0.2303
1.982
2.2051
0.5246
2.7738
-1.45054
0.29797
1.9058
0.34982
-0.7343
2.21792
2.09834
-0.555
0.171
-0.39237
-3.2505
1.57242
-0.01929
0.8184
3.35173
0.05905
-1.52285
0.8745
0.8053
0.6072
-1.2705
0.9036
2.2085
-0.8506
-5.82
-4.5
13.9
-0.32143
0.4691
-0.37358
1.29
-1.91
1.76377
0.7447
-2.1371
-0.8813
-2.0913
0.57406
-0.5923
NA
2.8762
0.17474
-0.1019
-3.9151
-2.20677
-0.53028
-1.874767
2.8492
-3.07
3.87297
-1.1682
-4.865973
2.2277
-0.09403
-4.6225
-1.67907
2.893504
-1.426282
-2.33423
0.72992
0.40074
-5.24402
1.2007
-0.2042
3.6722
2.48
-0.0794
-0.38769
-0.41937
-0.36514
-1.1475
-3.9025
-2.2
0.5867
-3.16747
0.591
-3.0023
-0.8918
-2.2022
-2.7172
1.33
-1.37501
-1.3928
-1.03532
-0.8565
0.3527
-4.13819
2.8464
3.69116
0.8418
0.9477
-0.18323
-1.9236
-0.99506
1.2
0.3649
3.3795
0.6908
1.46148
1.26
0.30722
2.505
-0.49161
0.3709
1.8069
2.3098
3.8208
3.535
-0.5516
-2.492538
-0.8133
2.4438
2.892556
-0.9126
0.1609
0.9711
3.70052
0.5327
-0.7628
-2.16555
-0.4583
0.60155
2.22699
-1.33
-5.8842
2.7256
-2.62417
0.05807
-0.0708
-2.87707
3.2613
0.159
3.12696
-0.93805
-3.14803
1.0743
-2.0702
-0.786
3.02052
2.671
-2.5873
-1.3392
0.021169
6.74684
1.515351
-0.2572
4.2903
1.8294
-0.7653
-1.21293
2.8736
0.573
-4.1375
-3.89911
-1.15264
1.7082
5.8505
0.4855
1.73675
-0.3952
0.571
-0.1875
1.1093
-0.3533
0.2982
-2.2957
-1.1847
-1.0018
0.4039
-0.79069
1.215953
-2.789
1.81757
-0.6704
NA
NA
0.4662
0.37812
-1.124
0.669
-0.3492
2.0557
2.2745
-0.43646
0.2753
1.2497
0.00652
2.1318
0.45748
-0.1706
0.97406
0.4288
0.18875
-3.81593
-0.31627
1.4343
-3.157
0.5824
3.2256
-0.8432
-0.0958
2.14
2.15
0.8046
1.6522
-0.551
1.24096
-0.97051
0.4801
1.9657
3.557
-2.2929
2.32621
0.72535
1.6327
-3.3112
-1.8606
1.7312
0.15573
2.1158
0.15384
0.84933
2.93
1.73253
-1.2618
0.6458
2.2327
-2.8
-0.3136
1.68
-1.0171
-2.6847
-0.07454
1.5531
4.2546
0.8711
-1.2384
1.95182
2.11848
-0.89507
-0.7743
-1.0058
0.77757
1.77959
1.337
3.1864
-5.52
-1.1748
2.68301
-1.3264
0.2697
-1.6436
-0.18525
2.4715
1.3595
3.1994
-1.6862
-3.2385
-2.8123
-2.94534
-7.23535
1.6992
0.1282
-0.9463
-0.0277
-1.7342
3.6476
-1.141
-1.22542
-0.9813
0.4752
0.91411
-0.3933
4.468
1.501
-1.80895
-1.9567
-2.41985
1.45968
-1.1007
-1.885372
4.2783
1.8002
2.03542
0.5346
-0.8117
8.73
-0.4153
0.56845
2.40164
3.754
0.6969
-3.0315
-1.56475
-1.39
-2.82197
0.7887
-5.5899
1.0258
1.244
1.76
1.76
-1.32833
3.1451
0.2465
0.2155
-1.8995
-0.8325
0.34342
1.05085
-1.30882
-0.4165
-2.49069
2.5228
0.282266
1.5812
-5.99
-0.56578
5.18558
0.44422
-0.694
-3.1189
-0.026
0.1782
0.14098
-0.539
0.845481
0.344574
0.9469
0.0756
1.5988
0.144
-0.1624
3.09562
1.14504
1.8861
-1.3422
0.69147
0.827
-0.2422
-2.6138
-0.8831
0.191839
-0.552
NA
1.47
0.9095
-2.70173
-0.22
-0.8497
1.2937
-1.1357
0.7434
-2.6185
-1.28204
-4.07
-0.908
1.1648
-2.3031
-1.4113
1.39927
1.65437
-1.9635
1.0311
-1.0745
-0.8654
-0.658
0.0745
2.4936
-0.1388
1.2901
-0.2611
1.2885
0.6252
0.2774
-1.9097
-0.8723
1.3225
3.6061
1.0499
0.777
1.9785
-1.5599
-0.8665
-0.4236
-0.5127
4.188
-2.8967
0.1723
0.45
2.7879
1.7902
-5.1055
2.7908
0.0687
0.8257
-2.5814
-0.446
0.7475
0.0252
-2.527
-3.8849
1.0574
0.037
-1.2523
0.6153
2.7518
1.1909
0.3878
-0.607
-0.993
-0.3218
0.2672
0.4524
1.1688
-0.3485
-1.7193
-0.2236
3.5658
0.212
-0.2198
0.3053
4.2837
0.9393
-3.0674
0.3801
-1.6315
3.6029
0.8992
1.0085
3.8022
2.0396
1.2166
-2.238
1.3666
-1.3975
-0.48269
0.78967
-0.97354
-0.7171
-0.33008
1.40811
0.82
0.9519
-1.9239
-1.28777
-0.56208
-1.0779
0.57513
0.71399
-1.64714
-0.1402
0.11575
0.4758
-2.12926
-1.1463
0.48834
3.38811
-0.163
-1.53
-1.50977
-0.27097
1.54081
-1.31991
-0.0633
1.65764
-0.1265
-3.212
-0.0806
-1.613
-4.4214
-0.5229
-0.1004
0.2493
1.3597
-0.1587
-3.1693
-0.9882
-1.0571
-1.1831
1.2936
1.0831
0.9732
-2.0206
0.581
-1.8709
0.5531
3.0616
-2.5537
-0.2614
-0.8992
2.1604
-4.0835
0.5574
2.0931
-1.5994
-3.5052
-1.9334
0.0953
-1.559
-0.2071
-0.4873
-0.4097
-1.6273
2.6127
-2.8494
-0.6824
3.5427
4.6751
-3.4717
1.18461
-0.6285
2.4333
1.42044
0.41247
3.17103
2.9033
-0.04784
-1.20876
2.38152
-0.1161
-5.6628
-3.6652
-1.323
4.2248
0.1788
0.4907
1.1807
2.8847
2.6371
-1.6047
1.8323
0.8841
0.1418
1.04
7.09
3.92
-0.852
0.668
2.19
1.55
-0.473
1
7.82
-0.187
1.09
-0.524
-0.872
-1.6
-0.788
-0.896
-3.16
0.173
1.03
-0.706
1.92
0.43
-0.628
-1.96
-1.59
-0.452
-2.46
-0.0032
1.19
-2.03
6.14
-0.0963
2.32
1.09
2.94
-1.49
-4.85
9.39
-1.94
-3.88
2.86
-8.45
-4.3018
4.352
-1.6295
1.29127
-1.34095
-1.44808
1.22222
0.74622
0.4848
-1.24468
3.6383
-0.33174
0.80508
-0.6311
-3.9842
-1.8569
-0.8149
-1.1213
-2.1101
0.8601
-2.8718
1.6862
-1.8309
-0.0253
1.2503
1.2616
-0.8122
-0.7867
-1.0616
1.3111
2.5531
-0.0463
0.1535
1.28
1.7409
-1.1091
1.59349
-0.7344
0.285
-2.53178
0.3237
-0.7456
-1.24931
1.4328
-1.7147
-0.4823
-0.08241
-0.9539
1.62624
-2.30195
-0.1824
-0.50402
-1.11825
-0.0472
-1.30889
-0.50537
0.36791
0.41933
-0.07978
-1.69386
2.9445
-0.37023
-3.10732
-0.4022
1.0992
0.84033
0.8941
-0.93889
1.07338
-2.6113
2.06487
1.32389
0.0323
1.64118
-0.9582
-0.74444
2.8571
-2.7265
1.88324
3.12153
0.18288
0.792
-0.49195
0.8972
2.53857
-1.17068
-0.7864
0.63926
3.43293
-1.46728
1.4619
-1.8519
-0.6398
-0.93979
0.0786
-2.12847
1.15668
0.4325
-2.19569
3.36007
-4.18475
1.01129
-0.45911
1.0081
1.0245
1.58
-4.5017
0.204
-2.4436
1.2958
-1.8057
-2.9943
0.8802
-0.1237
-1.3455
-0.2715
2.065
-3.1804
-2.7571
-2.1655
0.8187
2.1049
-1.3074
0.1361
1.4061
0.016
2.0608
-1.4295
0.7131
2.1025
-0.7802
-3.4621
-2.3897
2.639
-1.0542
0.5314
-1.1001
-2.8512
4.7347
0.9355
1.6256
-2.2183
-2.4713
0.9466
-3.591
0.435
-0.8211
1.5086
0.3792
0.8405
0.2712
-0.286
0.3016
-2.8591
-1.3886
0.4596
0.8443
2.617
-3.0939
1.0601
2.0202
1.6127
-1.479
0.0961
-2.4154
4.4035
-1.042
-1.1613
1.3412
0.2487
-1.021047
0.900348
0.706975
1.5775
1.713069
1.288112
-0.204126
-0.3296
1.271394
-0.581784
-2.736289
1.687007
2.219466
0.559009
-1.897247
1.04234
-1.124612
4.316325
-1.698366
1.623397
-2.007802
3.174171
1.005756
-0.905777
0.2725
0.3892
2.2442
-2.3128
-2.977559
0.315057
3.854444
-1.220753
-3.126892
-2.3361
2.639
-1.672696
0.2817
-6.611746
-4.884463
-1.192996
4.2064
-2.64561
-2.3044
-1.576139
-2.511562
4.857987
-5.3119
3.0429
-4.7445
-0.9099
-3.752678
3.030418
-1.822
3.0021
0.121245
-0.660258
-0.4364
0.7294
-1.080658
-2.844207
1.737534
4.2076
1.530388
-2.024783
-0.331665
-1.649645
0.330695
1.6389
0.132187
2.5492
0.0536
-1.7404
1.591112
1.326498
-1.6652
3.057689
-0.19519
1.32292
-2.335
1.7653
-2.0139
-1.13435
1.9861
-1.15674
-1.09567
0.1715
-1.8722
-1.78778
2.60368
0.1988
-0.0282
-2.4928
0.33579
5.81207
-0.74507
-1.224
1.13234
0.0836
-1.7748
1.3594
0.0322
-1.119
11.3312
-0.50882
2.9366
-1.81966
-1.84862
-5.30995
0.56102
-0.92253
1.30758
0.60949
-0.79823
-1.16096
-1.4307
1.901
4.97389
0.05953
-1.89418
0.88987
1.27537
-5.0763
6.95292
-1.85046
-2.93979
0.30601
-2.72304
0.66863
-2.8544
3.5071
-1.053
3.2797
-2.48093
0.37602
-0.20068
4.4247
2.51074
0.5177
-1.40461
-5.2282
-2.43151
0.56814
-1.09594
1.43276
-0.61957
-2.8662
0.0201
-0.73442
3.12524
0.0265
-2.36824
-1.7835
1.1097
-0.2195
-4.26105
-1.80769
0.0914
-0.87011
0.1244
-1.5949
1.85184
-1.822
-0.1435
0.5537
-0.3146
1.8078
0.54232
2.1282
-0.29824
-2.33218
1.15469
-0.04336
1.84644
-1.1161
0.04039
3.84852
NA
NA
0.213
-0.213
-0.155
2.8
-1.89
-0.835
2.54
1.25
2.36
-2.55
-2.61
0.382
-0.498
3.64
-2.83
-4.01
-0.997
-2.48
-0.512
NA
0.397
0.675
NA
NA
-2.61
0.171
NA
0.193
1.53
2.99
-4.14
-4.03
NA
-6.93
1.25
-0.0707
2.26
-0.32
0.73
0.53
2.03
0.031
0.671
0.884
0.398
NA
3.51
1.43
-1.71749
-1.81
NA
-2.3
2.22838
2.45438
1.33176
-1.01595
3.6282
-2.4209
0.2255
-3.9272
0.61663
0.75738
-0.76596
-0.98554
1.3166
0.65772
2.11822
-1.7969
0.69829
2.3442
1.2395
0.44229
0.6495
-0.93187
1.9579
-0.2111
-0.1917
-1.18805
1.2416
-0.20668
-2.1008
-1.33067
-1.45691
0.56633
2.9008
-3.366
1.28569
2.3276
-1.88818
1.10464
-0.7386
1.92801
0.7077
0.45707
0.8704
0.03906
-1.17435
-3.1527
3.25221
-2.4741
-2.30926
-1.06506
-1.40271
1.2883
-0.49897
-1.09868
-1.02678
-1.3324
1.3973
2.44078
2.7929
-0.4008
-0.63666
-5.29087
4.8402
2.4384
0.26355
-5.44091
-3.83682
-0.20651
-0.53829
2.6603
0.23371
2.3517
-1.52734
0.63001
-3.2696
12.74597
-12.95293
0.36621
-1.00634
-3.1615
0.70507
-0.8437
5.42485
-1.87289
-0.71984
-0.6697
1.552
-0.91902
0.5274
3.1111
0.76697
3.77112
0.60675
0.18862
-1.01217
-0.28648
3.14653
-1.27752
-0.20645
1.13893
1.7106
0.07863
1.41723
0.7049
-0.03501
0.53934
0.1239
-2.05181
-0.69162
1.95912
2.04222
2.7262
-2.3587
0.0877
0.0752
-0.66711
1.9237
1.36518
-1.6695
0.56051
-1.26646
-2.39069
-2.50938
-2.23023
0.08903
-2.33796
1.29014
-2.3277
0.90006
0.09439
1.1007
-4.8009
0.4012
2.6436
-0.713
-0.6011
0.7757
-0.3326
-1.7097
1.5295
-0.1426
1.4299
-0.3676
-5.3668
0.6161
-2.6435
0.8749
0.2303
3.409
0.8236
-1.756
-1.1943
1.2326
1.8035
0.6825
0.8094
-1.0687
-0.6745
1.5504
-2.1686
4.0007
-0.7052
0.7447
-0.5214
2.5711
1.2889
-2.4075
-0.0306
-1.7174
-2.5317
-2.2834
-4.4566
-1.7514
-2.0173
-1.0371
0.0462
1.8303
-0.424
-1.1067
3.4014
-1.1109
-0.6078
-5.5204
-0.2706
0.3228
-2.6508
0.0864
0.1651
-0.6919
1.7732
-1.2383
3.0525
2.0502
-1.062
-1.7237
3.6041
-2.4794
6.5637
-0.5499
-1.8528
1.7653
-2.5001
2.1378
-1.9518
-0.1233
0.90532
0.09386
2.898
-0.0599
-1.1407
1.6517
-1.68724
2.4771
0.6398
0.6617
-0.73723
-5.31759
-0.324
0.0467
-1.52
1.0249
0.452
-0.946
-0.24
0.8042
-0.485
-1.67825
0.2731
1.0543
2.13061
-0.006
-3.07351
1.394
-2.75
0.69882
0.89384
1.8911
-0.29972
1.7249
0.4459
0.84689
-1.52852
0.20576
-1.16735
3.99907
-0.6965
-1.6788
2.1465
0.9021
1.4089
-2.82
0.3824
-1.4904
-1.2669
0.02
7.1971
0.465
-0.63493
5.66564
-2.5817
0.7421
2.18133
4.43181
-1.4847
0.3852
1.06161
-1.6399
-2.99446
-2.67538
-2.4742
1.916
3.18991
2.09817
-0.83451
-2.77011
-6.3769
-0.33839
-0.558
0.625176
-3.3801
-1.06366
0.9781
-0.1242
-0.0228
-1.825559
2.34102
0.309114
2.3873
2.3896
0.3502
-2.0871
0.206
-1.33
0.404
2.8797
-3.02427
0.28315
-0.0814
1.3816
-2.3165
-0.0026
-3.46865
3.1992
0.436386
0.313
0.70849
2.5323
2.6393
2.033
0.1394
4.36817
0.665
-0.9687
-1.32883
2.67726
-0.56417
0.5319
2.0481
3.0553
-0.5312
-1.5337
-2.106291
2.1191
-0.417454
-2.41194
-0.8395
0.27438
1.79445
0.7926
-0.75458
1.5194
3.441
1.8874
-0.0515
0.32175
2.4199
3.0147
-2.5114
-1.59661
-0.3111
1.7828
0.2707
2.0622
0.99103
0.2102
-4.9549
1.17
2.159939
0.326301
-0.3179
1.96
1.8076
0.391
2.2212
-1.169
1.079
0.6079
2.5658
1.8343
0.9493
0.5458
2.6885
-3.1999
-2.4889
0.8101
1.2612
0.1115
-1.2042
-0.8842
-1.311541
0.270546
-2.019994
-0.05607
3.2852
-0.66783
2.50186
-0.8656
-1.7779
-1.5869
2.7397
1.0089
-2.37311
2.5034
-0.012
-2.2143
0.71695
-2.644
-7.12179
0.84723
2.3135
-0.9913
-1.3912
0.6275
-1.31
-1.7668
1.64041
0.92072
-0.27817
0.5141
0.5387
-1.82153
4.7884
-0.1489
-0.5934
2.3174
-8.02e-05
1.0621
-2.3291
1.6197
-0.3219
-2.3507
0.2196
-2.2051
1.231
4.5432
2.0221
-6.2686
0.23
-1.5441
-1.027
0.93569
4.34301
6.4144
0.59883
0.81049
-0.7248
1.26178
NA
NA
NA
-14.4
NA
-0.523
NA
1.09
NA
6.16
-1.76
0.299
-1.09
1.7
0.0227
2.84
-0.552
-2.24
-1.56
-2.74
1.55
-1.64
-0.931
-1.7828
0.2637
1.34
-1.51
4.59
-1.17
-1.96
2.0269
-0.9599
-0.6811
4.40321
4.75648
3.0382
0.07585
-2.434017
2.529218
-0.507932
1.025245
-1.3617
-0.7622
0.26053
3.5044
1.3298
-1.57653
0.18111
2.2523
-0.95837
-1.71387
2.17603
-2.27832
-4.19713
-2.25955
2.9296
0.698
-3.7478
-0.7247
-1.0131
-0.4778
-0.2006
-2.6606
1.1093
-0.2608
-1.4238
-1.7954
-1.58971
0.9884
1.358
-3.1709
0.5895
1.7671
-1.3249
0.6512
6.9198
-0.9136
-0.1673
-0.82222
0.38284
-1.5018
-2.65267
0.82
-0.5326
-0.3043
1.807609
-4.32
-2.0828
-0.05727
-0.0276
-0.7192
-0.59276
2.7145
3.846737
0.979321
1.7484
4.3552
-1.341
1.1717
1.49315
1.15278
1.3612
0.57738
-1.4124
0.32899
0.3035
4.09925
-0.6088
-2.4335
-3.24644
-5.44664
-0.91277
-0.6058
0.2331
-3.1018
0.412
-3.77787
-2.11
-2.42
-3.5888
-2.25752
1.77434
-2.61917
-0.5455
-1.7009
3.6143
-4.4984
4.5248
-2.4567
-2.6811
2.7832
-0.15307
0.2352
0.6051
0.3434
1.4348
-1.6439
0.0715
0.3781
-0.1097
-1.0231
-0.2748
-0.0383
-3.8655
1.33474
-2.406011
-0.7797
-1.0466
-0.3805
-0.4808
-2.6462
-0.1351
1.22108
-0.77386
1.4737
1.3875
-1.2015
1.1174
-3.96039
-5.5418
-1.6972
-0.17659
-0.7869
0.45353
-1.1546
-0.54024
1.0076
-0.38956
0.848
-2.76499
0.6355
-3.1544
-0.93894
-4.636291
1.740828
2.065333
-3.5201
0.3567
-0.14168
-1.2647
0.87894
-0.917
0.69542
1.3526
-0.22629
-0.57811
1.164
1.4271
-0.515
-1.5738
-1.3431
-1.3431
-1.08088
1.65794
-2.04
-1.74
-0.5222
0.01061
0.61941
3.11472
-0.9471
-3.235
0.7043
-1.09249
-5.7077
-0.94028
0.24024
-0.8829
0.335
0.338
-0.0988
2.45
0.292
-1.3195
-2.16733
-0.25608
-0.0263
-1.43975
-3.09129
2.82897
-0.4803
-1.8783
0.0138
-1.717
-0.234188
3
0.42755
0.1043
0.1785
-1.4525
0.0171
0.11662
-0.877
0.84312
1.3861
-0.5544
-0.6782
-1.7198
-0.28583
0.23986
0.76627
1.84339
1.10279
1.1824
-2.1826
-3.1985
-0.0525
-2.6507
-4.2706
2.16611
1.0582
-0.103
-0.53303
-0.4695
-2.7467
-2.2992
-0.64318
4.12866
0.8234
-1.43206
-0.4093
-4.2822
-1.0046
2.0496
1.6286
-0.3362
0.13781
0.54953
1.647008
-1.1104
2.1994
-1.25
-0.66993
-0.8103
-2.34461
0.61006
-0.13618
-0.676
-0.28202
-2.041678
-1.1397
-0.0474
0.2432
0.0028
3.6491
0.24819
-0.44835
3.00464
1.98675
-1.16477
1.418716
0.46263
2.44479
-2.6858
0.2273
1.392549
1.337836
0.3622
0.74
1.18021
-1.91477
0.602
-3.68
0.508
-1.0287
-3.7624
4.90647
1.01971
-2.914
2.6944
1.4215
1.8004
0.5813
0.1444
0.1126
1.8801
-0.3197
2.4058
0.372
2.635416
-0.8878
-1.0907
2.9878
-1.0018
-1.0223
-1.3093
1.2815
6.2253
2.1236
-5.41812
-0.3205
0.7084
-0.8513
-0.5146
-0.6485
-2.3316
1.7482
-1.6339
0.2779
0.5063
1.723327
-0.3066
-0.04733
-3.1451
0.64751
-2.1164
-0.6062
-1.7463
-2.1422
2.14304
2.4576
-2.42924
-0.1344
-1.877
0.6839
-0.48006
-0.14001
0.6704
3.7652
2.1423
2.25326
0.63985
-3.88757
-0.85612
-2.373
-2.0532
-1.0938
3.6681
-0.1745
2.6719
2.3331
-0.3942
-0.9884
0.9036
0.4394
0.6865
1.7616
-0.5805
0.32807
1.95506
4.6069
-1.17571
-0.78785
0.62319
0.9389
0.8032
-1.0972
-0.00747
0.329095
0.587666
-6.95653
2.15574
-1.835
8.04508
0.1636
0.8143
1.36654
-1.8472
-0.92781
-1.20469
-0.554
1.8393
-2.55111
0.48315
-1.6035
-2.7285
-2.7286
-0.1334
1.8291
0.64012
-1.05124
2.4742
1.4746
0.0133
2.1144
-0.5489
-1.1923
-0.52693
1.70069
-0.16336
1.0667
1.1917
1.8341
-0.7885
0.7314
-1.3713
1.4968
0.818
-1.1
0.539
-0.446
3.9
0.0055
2.5328
-0.43368
-3.7696
1.24276
1.8905
-2.5523
0.2969
0.2611
2.21
-2.41
-3.87
0.365
-0.54426
0.5654
0.65977
-1.1987
-3.57372
1.83
-2.28
-0.51
0.534
-0.512
-0.6325
2.0955
0.7706
1.2389
0.8472
2.3758
1.8162
5.7291
1.2416
0.19443
2.49529
-0.44645
1.99654
3.6783
-0.846
4.14439
1.70093
-0.54248
-0.55631
-2.73017
-1.9793
0.798
-1.5528
1.9575
2.4307
-1.5261
0.5494
-1.5574
2.5409
-3.1645
-2.2849
-1.7047
0.052
-1.0807
-2.08
-3.9178
-1.5199
-0.77907
1.61879
0.11282
0.41243
-0.3744
-0.876
-2.0079
-0.080382
-2.904258
-2.660973
-0.894946
-0.48992
1.8958
-1.07
3.7293
1.1851
-0.8305
1.17501
2.6834
2.2262
0.1037
-0.8017
1.5185
1.9456
2.5395
-0.6432
-0.457
-0.1293
-4.1027
4.0375
-0.6981
0.8976
-6.9397
-1.8555
4.7872
1.3353
0.5289
0.182
-3.0867
3.1522
0.6806
-3.7119
-1.0619
1.5866
0.8092
-0.3714
-0.7828
1.3111
-0.0401
-0.514
NA
0.635
1.44
0.94
-0.855
0.863
-1
-1.31
0.989
NA
NA
NA
1.13
-2.34
NA
1.7
-2.23079
-1.69599
-0.9167
-1.3938
-3.57909
-2.11527
0.11494
-3.4764
-3.2364
-1.5483
0.0272
0.2604
0.074
-0.16535
3.04386
2.45328
-0.5411
-0.00339
0.4572
0.3561
3.05259
9.7504
-0.95879
-2.16623
-1.58837
4.24174
0.65026
-2.09449
2.44074
-2.249
-1.6752
-2.936
0.4543
0.7455
2.5378
-0.6958
-0.9718
-1.5069
12.51869
2.94021
-0.79344
0.51147
0.5105
1.47454
13.28058
-2.18684
1.6219
0.2487
-1.96335
0.114308
-2.219939
2.050017
0.4596
-0.069654
-0.4445
0.0664
-5.655928
0.215062
3.1401
0.34406
-1.76733
0.783198
-1.489828
0.492977
3.0381
-0.0889
-3.7316
-0.09233
0.40496
5.63499
-0.4857
1.11648
1.25384
-0.66975
1.7245
-1.183
2.4157
3.79737
2.26631
-0.99958
-1.52505
-0.41217
0.8444
1.63419
1.0548
-0.8228
-0.79703
2.68444
0.32761
-1.64986
-0.6297
-2.69214
-1.02926
-0.19164
-1.36322
2.708
-0.08387
3.5281
2.71039
0.92682
-4.2713
1.3359
2.60003
-1.2458
5.65534
2.48846
-1.2581
3.8808
0.1265
-0.5798
-2.0345
-2.31824
0.3284
2.7617
-0.56218
0.51306
1.46671
-0.4277
2.4432
-5.8926
-0.3669
0.71901
0.33895
-0.30813
-3.6175
2.79999
-1.46447
4.7019
-1.4129
1.3831
3.70238
0.63
2.801
-2.0287
-0.7795
4.09517
-1.761
0.9601
-0.3498
0.1559
1.4396
4.87573
-3.5973
2.7998
-0.735
1.2869
0.0061
0.51716
3.81589
1.67819
2.35118
0.3657
3.43047
2.30301
-0.9731
-0.293
-0.4371
-2.27926
2.62822
-0.1682
0.6818
-1.19126
0.0361
-0.16359
2.47289
0.15619
-0.19101
-1.1821
1.58275
1.17434
3.03484
2.86505
-1.47087
-0.81874
3.30959
3.49873
1.3637
-0.85677
0.0158
0.63067
1.9542
0.3139
-0.9935
0.60402
-2.35817
-1.81659
-2.69
3.81
-3.78
2.01
-3.63
-6.24
0.723
0.641
-0.201
-0.791
-1.75
-0.909
-0.456
-0.641
2.75
1.56
-2.13
0.00819
-1.11
-0.9201
-3.166531
0.974087
-1.310588
4.95
-2.27
-1.36
-0.6247
-1.7649
-0.1243
-0.2838
-0.122234
1.62685
-1.48975
3.439254
-2.238842
0.7524
0.59583
3.00646
3.8741
-1.95223
0.65178
0.05625
-10.6929
-10.1119
1.33676
-0.031157
-1.495
-0.053839
0.1604
-0.087518
-1.127578
1.010635
0.671917
4.544596
4.363752
1.052
0.764514
1.848763
-0.459535
1.4814
1.79035
-0.9604
1.07152
-0.8642
0.6093
1.90667
-2.07265
0.3896
2.9868
3.99669
0.6537
-0.3367
3.51004
-0.50369
0.27459
1.43418
0.51913
-0.19372
0.80402
-0.72016
-0.66403
1.14794
0.79487
-0.85463
2e-04
-0.79068
2.3491
0.2433
-0.443
-2.532
5.2362
0.6778
-0.3421
1.9792
1.3119
1.536
0.5982
-1.6562
-1.1235
-0.0278
1.1958
1.4797
1.4623
2.2135
-0.6118
0.1204
2.3254
2.031
1.8644
-5.3999
0.4362
1.526
1.2256
-1.833
-0.6277
1.0668
0.4321
-2.2963
-0.1405
-1.9785
-2.1055
-2.1269
-1.7953
-0.08
1.7532
-2.6866
-0.402
-2.0576
-3.4796
-2.796
-0.5645
-0.1221
-2.0266
-1.4196
0.3896
-0.5053
-0.898
3.0138
-1.2004
-4.5837
0.9002
-1.1079
-0.614
0.3691
1.9162
1.47814
-3.8915
0.9178
-0.0849
-0.0486
1.9417
0.8738
1.8009
1.827
-0.4522
0.34802
-2.3244
0.69297
3.0759
0.60442
-3.36094
0.4064
1.74703
-1.4002
-2.86475
-2.82473
0.01703
0.62878
2.6148
-1.73088
1.2281
0.0618
-1.40449
0.73486
1.0619
1.8057
-0.92034
-0.56657
1.9278
-4.57483
0.93959
-0.39649
-1.42988
1.67674
-0.79728
-2.06317
1.7509
0.9551
4.648
-0.6737
3.4532
-0.28322
-2.82482
0.18039
-0.98334
-0.1598
1.92879
-3.82724
0.586
-0.66621
-1.35642
0.15615
-2.50868
-0.4736
0.60363
0.1878
0.27555
3.33501
-0.92905
-1.29791
1.00575
1.80379
0.25673
-0.80332
2.1194
-2.2353
2.1939
3.72935
-3.529
-2.04854
-1.4964
-2.8443
0.10601
-4.81246
-0.89419
-1.7256
3.70328
-0.09213
3.95641
0.94024
-0.0484
0.5937
0.56497
-1.90052
0.15703
0.6572
2.10712
1.3563
0.7764
1.8713
-1.85158
3.9289
-3.0634
2.6053
-1.23984
1.46598
-2.6366
-1.2232
-1.7519
-1.03729
-2.89064
-0.6354
2.12721
-2.214
NA
-2.91
4.32379
-4.49316
0.39732
-2.3936
-0.41576
1.58
0.0209
NA
1.5619
-1.18
0.458
2.72
2.62
-1.03
-1.83
-1.93
-1.24
-1.09
-1.78
-2.29
-0.712
0.37
-0.03
-4.34
-5.39
-0.5391
1.4166
0.55563
1.262
-0.1599
-2.0156
0.963
-3.452
0.0478
0.6751
0.3496
0.6842
3.1816
-1.2632
-1.8994
-0.0505
-2.2066
-0.2084
0.1249
2.0394
4.6784
-0.7329
-2.1293
0.922
-3.5824
-4.0946
-2.25
-0.8438
0.9088
-0.5889
-0.5074
1.252
0.3021
0.7702
-0.1281
-1.7794
3.3758
0.5
2.8103
-2.0377
-0.5854
1.8097
0.4593
2.572
-0.6497
1.1786
2.5724
2.1973
0.1292
-0.2297
1.6598
2.2165
-0.0964
-1.7342
-1.7304
-2.9514
-0.372794
0.131619
-1.195776
2.3592
-1.8563
-1.908705
1.198134
-1.805267
-1.019309
-1.957163
1.7527
-0.981819
1.809557
0.83496
-2.45
-3.435366
1.2016
-0.5005
-7.76384
1.64704
-0.00964
1.4061
-10.14978
-2.35647
-0.2082
3.70657
-5.0924
1.4158
-1.7267
1.33617
-0.53972
2.05765
1.10286
0.5564
0.14627
-0.79271
1.10271
-2.05058
-0.93421
-2.03979
0.5962
2.811
-2.6439
0.69393
-1.6749
-2.6084
3.99786
1.92331
2.20396
-1.3566
0.4207
-0.3084
0.4208
3.2473
-2.5804
-0.0194
-3.97386
2.15525
0.99
-0.555
8.89
-0.78144
-0.394399
-2.8377
-1.6146
1.1172
-2.4546
1.19207
0.0835
0.4726
2.554
-1.904
2.0559
-0.01694
-1.1456
0.6578
-1.08101
-1.09
4.0959
6.06
-1.30375
0.700889
-0.93369
3.30529
2.77113
-0.41706
-5.63492
0.12035
-0.9138
0.509
-0.64659
-3.08556
0.7079
1.49374
-3.2089
1.22801
0.37569
2.28109
-0.5092
0.5862
-0.89354
-0.10243
-0.50458
0.715583
0.3307
-0.4961
0.0082
1.00941
1.36493
1.1852
1.69767
-1.1837
-1.2654
-1.37479
1.0987
-0.77544
-3.31874
-0.43573
2.46114
-0.94415
1.0266
-4.08
0.813767
2.9167
0.9112
0.87608
0.041
-4.1953
-0.5833
5.06953
0.25021
0.49149
-1.02686
-0.77547
-1.9535
1.74593
0.75899
-8.9893
-0.7169
-0.02244
0.42495
-0.222
3.79692
2.72726
0.82029
1.16836
-1.25747
0.09603
-1.75173
0.9019
-0.5265
0.8475
-0.4664
-5.28489
-0.184116
1.2105
-0.11676
0.38059
-2.09117
-2.0552
0.26061
-1.958
-1.46
-3.64239
-1.27066
-1.4096
-2.3407
0.02497
1.17
-0.2167
2.26409
-2.44161
-1.6424
0.7661
0.93045
0.999
0.2533
0.53336
-1.4842
-0.3518
1.43
3.2482
-1.25946
-2.79
0.956
-2.5971
-0.0201
1.516826
1.9723
-0.5938
-0.16732
-1.98
-1.28157
2.4394
-0.1216
2.2782
0.37358
-1.4469
1.4389
3.2469
-2.195661
0.400891
1.30265
0.442
0.6467
0.5099
1.1556
-0.4066
-0.396
0.0741
-2.9773
-0.6516
0.202
0.4895
-2.1106
1.2225
-2.103505
1.50921
-0.60216
1.6201
-1.70843
3.20397
1.1283
1.100482
0.28509
-0.920783
1.5844
0.2809
-1.6824
-1.34
-1.3562
0.5912
-0.265
1.11
-1.2783
-2.1581
5.24376
0.40652
0.44717
1.7737
-1.64
-0.2501
-0.731
2.99063
3.1
-0.171
-0.34786
0.0043
1.58434
1.09
-0.11293
-1.4412
2.27381
-4.5864
0.1563
0.29568
-4.9572
-0.0366
0.178
-0.5271
0.47775
-0.01769
-2.02151
2.6274
-1.73791
0.34193
-0.4582
-0.7083
-3.617817
1.5153
-2.14325
0.4933
1.3229
-0.352
0.099452
-0.5844
2.07346
2.48871
0.01447
1.58
1.93238
2.33
-1.0035
0.6667
4.35
0.52666
-1.59
-2.63271
-5.073
-1.37
2.74466
-0.843
-1.5315
-2.6763
-1.0769
-2.0056
-0.9157
1.1962
2.94
1.41
-0.298
-3.46
-0.32408
0.17197
-6.14
-1.2832
0.15565
-4.14793
1.2451
1.38418
0.436991
-2.6982
-0.1797
2.09098
-0.94027
-1.55134
-0.10063
0.7461
-0.0665
3.2047
-0.7236
-3.97178
-2.4635
4.5149
0.1874
4.8206
1.38584
0.6111
0.17009
-1.3397
-1.80709
-0.6484
-2.0295
-0.137
0.04
3.0829
-0.3472
2.421
-1.534
-1.31
1.6375
-0.6095
2.4
0.3229
-1.8135
1.26
-0.178
1.0631
0.9506
-0.5103
-3.8047
6.47
2.2731
0.2198
-2.6529
1.55113
4.56374
-1.4902
-0.2109
0.7808
-0.2559
-0.3003
0.09319
-0.90652
0.46387
0.6816
-0.787162
1.7422
0.043
1.877
-1.28
1.1248
-4.3173
-0.9207
2.35
-1.4
-0.29592
0.6518
2.04982
-0.5491
-0.0406
-3.3107
-0.3927
-0.7599
-0.78313
-1.7855
-6.6666
2.7349
1.77815
2.34187
-0.75259
0.28233
0.4545
-2.87699
-2.73572
-1.3847
0.65797
-0.72773
1.13905
-3.4857
-0.50018
1.4639
2.53946
2.4007
-2.00643
-1.96684
-1.1032
0.45625
1.4306
1.1902
2.1734
0.3341
0.99107
0.6246
2.0093
-0.07116
-2.8298
-0.32
5.1313
-6.56818
0.4926
-3.07385
-3.8852
-1.8338
-2.8227
1.7478
0.0748
-2.1336
-0.97735
1.6601
-2.38868
-2.879
-0.9484
-2.8324
1.34127
-0.77124
-1.1682
-1.3547
0.0036
0.8507
0.4571
-2.2566
-1.2312
0.8311
2.2785
2.8248
-0.08884
0.0122
-0.67234
2.2487
0.37664
0.38651
-0.000842
1.7263
-0.31502
0.1221
-1.96409
-2.8807
-2.8731
-0.217266
2.5528
-1.743399
-1.4912
-2.569711
0.301293
-0.0011
-0.16256
-2.3892
NA
2.15
3.324881
0.8167
2.530618
-2.16
-3.11
0.808
-0.599
2.25574
0.9385
-1.88262
2.38063
-0.0696
4.1324
-2.0184
-0.0902
0.1021
0.5456
0.6614
-1.5686
0.316
-1.7591
0.6341
-1.019
-4.9278
-2.1038
-2.2407
-1.9376
0.6398
2.4529
0.584
0.9911
-0.6218
-11.7303
0.247
2.3785
-1.4705
0.8358
1.2788
-2.7154
-0.6846
-0.3804
0.1454
-1.358
2.1397
1.7022
0.2527
1.1471
-0.9975
4.7452
0.8755
0.43614
-0.6254
-0.3069
-0.8972
1.7646
1.44307
-0.6302
-1.25003
2.35738
0.63189
-1.10161
-2.35703
2.29601
0.96162
1.09919
0.8839
-0.6759
1.8976
-0.62349
-1.31439
-0.2702
0.0748
1.58836
0.0692
-4.7855
-2.15168
1.0919
1.15431
0.9407
-0.96546
0.1214
1.0771
3.813
1.86743
-0.923
-6.41432
-1.7898
-2.39295
4.8273
4.9619
-1.3056
-1.41629
-0.6498
1.0271
-11.2041
-0.6817
-0.77474
0.78067
-0.7598
3.0462
-3.4242
-1.97133
1.65939
-0.2705
-2.0854
0.7907
1.0324
0.42655
-3.3878
-0.344237
-2.54898
1.37092
-0.5284
-0.5111
-0.09683
2.3143
1.914
-1.46655
-0.41293
1.63
-1.01161
0.16521
-2.20453
-2.05331
4.40044
-3.70833
2.3418
-2.18065
4.29689
2.3103
0.592
-0.59478
1.0152
0.54024
0.89818
0.5105
-3.9633
-4.6758
0.57125
-1.9285
5.3287
-6.3879
-5.8335
-1.22297
-0.16931
-0.75326
-1.03598
1.28429
0.03027
-4.09371
-1.0389
-1.4223
-0.4286
-2.49733
1.94915
-0.48639
1.2233
1.4913
1.33963
-4.3516
-8.4846
0.01874
12.32566
2.05021
13.17654
-0.4768
4.6079
3.829
-5.3463
-2.2002
-2.07516
-0.10561
0.29228
-0.62854
-0.24868
1.67578
1.9158
-2.4378
1.33469
-0.08257
0.71846
-1.54952
2.75273
0.32642
3.37512
3.26829
-1.3168
-2.3788
0.53928
3.7798
0.19098
2.9004
0.70591
1.3226
3.29157
-1.43086
-1.05055
1.72984
1.47554
NA
-1.288
-3.19
-0.364
0.437
1.76
-0.343
-0.874
4.7087
1.5535
-4.164
-0.9511
2.47986
0.2513
-1.6349
1.51218
2.30797
0.00955
2.08
0.0958
4.33
-0.0652
3.2196
0.204
0.2153
1.528
2.1139
-0.2271
-0.117
-0.6505
0.9772
0.566
-0.6762
0.1993
-1.4817
-0.6934
0.6058
-1.0296
-1.957
0.7331
-0.6891
0.5759
-1.752
6.3242
-2.8248
-0.3439
1.6259
3.8398
1.1824
6.6732
0.2953
-0.5931
2.2918
1.656
-5.9552
-2.4373
-4.8098
0.2799
-3.3469
0.1288
-4.6034
0.4235
-0.2939
-0.9952
0.0378
-0.8627
2.279
0.6993
-1.001617
-0.627
1.89997
2.03393
-0.1125
-4.077899
0.99738
-1.70807
0.40147
-0.60494
-0.407073
-0.62453
-1.3374
1.739312
2.73234
-1.05
0.4349
-3.8376
0.505395
-2.3008
-0.3774
0.0385
-1.4189
1.1654
-2.7605
0.6904
0.0325
1.5555
-0.0717
-2.855738
0.938346
-4.603329
1.0154
-4.39872
-0.199487
-0.37715
1.2869
1.0057
1.77774
-7.05592
-11.1888
-0.01882
-1.85362
5.52413
-1.22131
0.9132
-0.496924
-0.34372
-0.65865
0.33473
0.626932
1.3263
-5.9434
-1.2656
-1.294
-1.800717
-1.271191
-2.786312
-2.32859
1.371483
-2.18604
1.480533
-2.590783
NA
-0.99238
-0.746196
1.95149
2.92557
0.1138
-0.1819
-1.31056
-0.22276
-0.39217
-1.4769
-0.78723
-2.3842
0.572
-0.98379
-0.5722
0.0412
-0.84323
-3.28483
-1.4963
3.1
2.0153
-0.273429
2.3358
-1.5786
0.629
-1.9564
-1.62337
-3.4076
0.0328
-0.449
1.22939
0.325
0.348409
3.74163
2.22081
-0.75587
-0.1025
-2.59494
-0.3921
-0.518
0.20973
0.338
-1.7083
0.615
1.5048
-0.6096
-0.7134
-3.2352
-1.51156
0.73749
1.01306
-3.92605
2.82778
-2.99951
-4.31504
-0.0859
-4.14
-1.9451
-1.503
4.1858
1.68
-1.2064
-1.9649
-3.9566
2.2191
-1.3562
3.7554
-0.263
8.94
3.09674
-2.2001
1.166
-1.23934
-4.26
-1.457728
0.39166
0.14513
-0.75352
0.0448
0.919
-10.1
4.92
3.24
2.206301
-2.7
-0.77309
2.08123
0.9021
-0.4429
1.91326
1.57052
1.51071
1.44261
-3.59981
1.72824
0.54462
-0.8179
-1.10241
-4.7409
1.4238
-2.275721
-1.3871
0.785828
6.0852
-0.269
0.817586
1.787
-0.45754
0.14499
-3.77105
-1.27352
-2.36682
-2.65873
1.257985
0.777859
0.258
-0.187
2.131894
1.812637
0.0856
4.402955
4.881
-0.580831
0.252
-0.872
1.7
-2.02
-1.93479
-0.73251
1.4594
-0.64971
-0.09926
1.3973
1.19723
-1.1933
5.65042
1.53698
3.16505
-0.7597
2.6684
-0.809
-2.61
-4.95396
-4.1087
1.92909
4.0988
2.33841
0.5843
1.731
-3.9193
0.352
-1.8244
-3.95386
1.5561
-2.17367
0.5906
-0.52652
1.691
3.10134
NA
0.8556
0.909
NA
1.18
1.41968
-1.24959
0.7853
-10
5.2697
-0.5879
-3.0131
1.282152
3.6236
2.2107
3.7511
2.85
-0.8114
1.01028
-0.6759
3.0038
-2.99113
-4.71053
2.65779
3.88792
-4.4434
-0.86015
0.55782
1.0525
-2.854
1.76571
2.27
-0.21681
3.91554
-2.30869
0.41018
2.000052
4.20896
3.3583
0.0945
0.7812
-0.8152
-1.4053
-0.3939
-0.8495
-3.4472
-0.4446
-0.23812
-2.8957
0.0546
-12.1
-10.3
-0.5804
-4.46213
1.6093
-2.315
0.4637
-0.58362
0.9047
3.46
1.10661
2.13449
2.12518
2.1585
-1.08858
1.23471
1.2398
2.0099
2.8491
0.786
2.60383
-1.012
2.07056
-5.1196
0.80121
-0.0698
8.91
-0.00912
2.56258
0.24579
-2.36024
-1.2615
1.9335
-0.09708
4.7376
-1.86
-4.0683
-0.376
-0.765283
-2.5794
-2.3883
-1.0573
1.926
2.9214
1.0786
-1.9172
2.7361
-1.85324
0.07045
2.4854
0.87208
0.428
-2.082345
-2.4373
2.2601
2.6811
1.83
0.12319
0.025
-1.0242
1.709249
-3.61
-0.31294
-0.17352
-0.25076
-0.6755
0.554147
1.77017
-1.4635
-3.04319
-0.2069
1.3033
-0.8874
3.14179
6.256906
2.194712
3.3131
-0.0741
2.53063
-0.21063
0.56449
0.433
-2.25
-0.2832
-3.73596
0.95031
0.8603
0.7994
0.5773
-0.8426
1.14
-2.8366
2.02133
2.1952
0.58965
-1.4268
-0.136735
-7.361515
0.9627
0.08012
2.549
0.05628
0.2967
-0.82533
-0.19159
-0.64945
-2.20769
2.03
1.1543
0.16104
-0.37247
-3.48608
3.7288
0.6372
-0.48178
-4.7962
-1.8
5.062
2.00706
1.0325
2.10277
-1.4983
-1.391769
-1.45
0.169223
-1.036784
-0.3794
-3.273004
1.1457
-1.9762
-1.8198
-2.3998
1.94547
0.39239
1.8741
-0.0134
2.296
0.054
-1.51968
-1.33589
1.1478
-0.4101
-1.8141
0.21588
3.4358
0.6541
-2.98043
-0.474
-1.3916
-0.90496
0.15354
1.7588
1.737805
-0.93411
-0.524619
1.1208
-5.6048
-0.9958
0.92943
-0.57122
-1.474015
0.134
0.0548
-2.1977
0.344633
3.0755
-0.03844
-1.77072
0.151149
-1.5274
0.7075
-0.66963
-2.4684
-1.42611
0.59326
-12.81449
2.47899
-0.6978
4.1489
0.0385
-0.59577
-1.2268
1.4278
0.5588
-0.561
-1.9375
3.77
-3.33546
1.28393
6.33009
8.0634
-0.00164
2.0483
1.2
0.81392
0.1228
0.457091
1.9275
3.27257
1.50856
4.6033
4.64436
0.258
-2.11294
0.509
0.82235
-1.4041
-2.62798
4.05799
-2.4013
-1.00505
-2.25814
-2.41553
-0.9088
-0.20855
-3.29676
4.45176
-2.49649
0.1367
1.81491
-0.19797
-2.31516
-2.276317
-0.14207
0.2487
0.000321
-1.58335
1.32216
0.42582
-3.64052
-3.0744
0.508
0.0553
-0.58561
1.54909
-0.0439
-0.7078
-0.3503
1.9848
-4.749
0.22739
2.8097
-0.6197
3.5586
-5.0313
-2.5062
-0.79341
-1.63999
5.14621
0.3935
7.76271
0.83877
0.2985
-0.67051
-0.4697
1.7864
-2.26731
-0.63418
1.478838
-3.723995
-2.3621
0.5832
-4.59774
-0.069337
-2.683439
-0.72656
-2.2078
1.75335
-0.67769
0.238
-2.0721
-1.07357
-0.124
0.76448
3.6074
0.91621
-0.7015
-0.408
0.4924
1.202567
-0.51
-0.6253
2.3233
-4.2967
-3.3653
-2.8851
-4.86461
-2.43218
-0.4282
-0.59143
1.0375
3.7138
0.4588
2.1242
3.1982
1.1559
0.6977
2.86068
2.990862
0.1455
2.3822
2.373
3.09896
0.622
-1.23239
-3.7426
-3.1043
2.4662
3.1911
6.3357
-2.36997
-0.52779
-0.765
0.298
-0.6212
1.857196
-1.6259
-2.46163
2.3089
-8.0224
-2.4668
-3.03362
3.1405
-0.75764
3.73
-0.0321
-0.287
0.73
-0.8212
-2.5839
-2.33555
-1.8679
-0.7728
0.5608
2.40869
0.5004
-2.047885
2.3295
-7.08768
-3.3975
1.217066
-0.3401
-0.70851
-2.14283
1.60703
-1.6131
-0.78072
-1.56971
1.95186
3.229
3.38079
0.521
-1.9326
-0.0132
0.87562
1.3965
3.5568
-1.8686
-0.86491
-0.0981
-0.92061
-1.3339
-3.8405
3.458032
-1.6622
1.3576
3.1623
-5.593
3.33078
-0.5623
1.704
-0.4308
-0.8579
2.7087
0.39754
1.66694
1.17681
-5.24294
-0.1444
-1.3807
0.598
2.258
0.845
-2.1529
-0.839254
-0.5922
-2.0012
-2.8935
-1.20551
-1.0273
-9.9
0.889
0.37052
2.1175
-1.542749
-3.0103
0.595
-1.02832
1.89
-1.2847
-3.43365
0.45468
-4.0154
-0.29285
2.0709
3.9421
-4.9432
-0.514584
NA
-0.65159
12
-0.126458
-0.5083
1.3082
-0.60564
-3.4653
-1.47063
-0.8355
-1.08156
1.84122
0.22604
0.5527
1.1768
-0.249486
0.5618
-1.4578
2.55959
-0.8634
-0.67312
6.2064
0.70843
-1.05835
-0.12103
-0.96543
-0.3144
0.85177
-0.35842
0.974
0.64809
0.5902
5.0853
-3.2802
-0.0575
0.07484
-0.7666
4.4953
4.92491
4.359986
3.01643
-1.2166
-1.70475
-0.59096
2.4445
2.6205
0.96302
-2.4703
1.9662
-1.20267
1.06
1.38017
4.3583
1.2384
-1.7503
0.60566
-0.70337
1.04
1.49355
1.60141
0.27959
4.7584
-1.04959
1.4576
-0.41088
-0.73482
-1.0688
-12.6
0.39293
0.8936
-0.2259
-3.02085
-4.97
-2.03786
-0.03646
1.6195
-0.295863
0.1302
-1.36657
-1.7789
0.00686
-1.37
-0.2114
-1.46868
-0.3279
0.21789
-0.8737
-2.1435
-1.6355
-4.4544
2.3094
-0.5323
6.776
4.2415
-2.69382
-0.4504
3.225
-1.710553
4.12169
2.6758
11.2
0.1005
2.519778
-1.7274
1.03647
-7.90986
-1.3197
-1.13422
-3.8527
-1.3129
-1.04389
3.7242
-2.5876
-1.3019
-3.47504
0.98778
-3.259
2.607435
-0.08074
NA
-2.022
0.1824
-3.1293
0.7458
1.148078
-1.0817
-1.33725
1.219
-2.3175
0.7373
-2.22381
2.0097
-0.0949
0.7375
-0.592584
-1.5911
0.71676
-0.27691
-2.3529
-2.437
5.57
-0.47137
1.02
-1.0889
-2.36
0.6732
0.6101
2.1313
-0.188171
3.676438
1.58205
1.07658
-1.52024
-2.1668
3.22831
0.5625
1.33047
1.88401
-0.33718
-0.227
-1.8164
1.921
-0.022148
-2.113645
1.2917
1.40573
0.35549
-0.7159
0.11773
-0.127
-4.5377
0.35112
-1.4769
0.84764
-0.177
-0.78121
0.7101
3.19362
1.34
1.0904
1.5477
-3.20248
1.990715
0.5355
0.8927
NA
-1.600307
1.5639
1.91027
0.58747
0.75843
2.9559
NA
-1.3968
2.1875
-0.3452
2.697053
0.4615
-0.8829
2.23
-0.1374
0.098182
3.71586
-0.70734
-3.9408
1.1166
4.1205
1.9354
-2.60896
-0.06597
0.8973
2.830194
0.0454
4.1489
-0.1462
0.4901
1.2695
3.5544
-1.7487
-1.6559
0.82143
3.4776
-0.6861
0.9996
-2.0543
3.0649
-0.69247
1.16671
-0.0399
1.64166
2.40992
0.2883
-0.35742
-1.8814
0.80783
-0.7942
2.4337
0.65174
0.91694
-1.6352
0.45778
2.42724
-1.9671
0.93082
0.4012
0.05528
-1.5734
1.231601
0.16496
-2.68002
1.7032
-5.1294
0.8988
-3.6
-0.1432
-5.4977
-0.7842
3.1773
-0.0228
1.3484
1.92325
-0.4335
-0.81939
0.50812
NA
0.68426
-0.7662
-0.469
2.28234
2.1483
-0.7481
-0.7155
-1.12043
2.0471
-2.8944
0.1837
0.4248
0.8618
2.97031
-1.9572
-2.72678
8.47097
-1.5636
-0.9886
0.738507
-2.47
0.1886
-3.71712
-0.00996
0.62524
-5.38
0.3935
0.88225
0.67
-2.61
2.3425
-0.29735
1.4201
-0.1154
4.80038
-1.1676
0.84831
-2.04
0.484
-0.33218
-0.8342
2.42
-1.166
0.23706
0.94202
0.2278
-3.6508
-2.33525
-1.31167
0.00823
-0.6442
-1.60376
-0.7292
1.189051
1.44803
-0.3401
1.0101
-0.608
0.4892
0.8194
-1.974
-0.1584
4.14
-1.31
2.29
2.4874
0.0168
-2.23763
1.04
0.2879
1.40306
0.3849
-0.89035
-2.0048
12.5
0.33044
-2.8926
1.4368
-1.6695
-1.87111
-3.6
-1.03
2.2784
-0.90889
0.18571
-2.0564
-1.2894
-1.4808
-1.83235
1.9041
-1.8279
0.0735
-1.45673
1.61
-0.849
1.3038
-2.05
0.4482
-2.60784
0.184
3.0262
4.3597
1.3408
2.658
0.67103
11.9
0.34175
-2.87251
-0.04524
-2.453
-3.45112
-0.727999
0.7057
2.7429
0.43544
1.53919
0.3573
1.8846
-3.4419
-0.67116
-2.3685
1.2336
-0.906
2.62569
-1.82478
-0.01178
-1.1901
-5.1226
-1.00581
0.60395
0.42589
-2.1967
-3.337
0.4885
0.639608
1.79
1.0226
-0.5964
3.9051
3.6446
0.32048
-2.7532
-0.46886
-0.33878
-0.96067
-0.9199
-0.1265
-2.9642
-3.8115
-0.04174
0.6242
4.48222
-1.23656
3.82
3.94524
-0.51716
-0.2962
1.1742
0.9255
-0.0373
-2.84
0.2406
2.1874
-0.43221
-0.642013
1.4541
-0.4087
-0.845734
-1.3549
-0.9777
-1.592
0.6066
1.11516
2.5113
-2.1105
0.9214
0.05329
-0.00312
-0.478
0.784
5.62296
1.2295
-0.9388
0.1543
1.5685
-1.9122
-0.007
0.834
2.76216
1.74187
-3.68254
0.8047
0.06732
2.4808
1.65
1.2886
3.08637
0.28989
-4.41235
0.40336
-0.52051
-0.76442
NA
-2.4119
-1.8479
0.76799
1.832603
1.8871
0.1064
3.3499
-2.29826
0.10409
0.8121
3.8878
1.7992
-1.2209
-1.41746
-7.11185
-3.20557
-0.7791
1.994
-1.272
1.3569
-0.39367
1.0977
0.28735
-1.1431
-0.6488
2.8247
-2.7736
0.6829
3.42246
-1.6011
2.961525
0.8862
-2.10971
-0.3328
-0.122
1.48
-0.1404
-0.6151
-1.8252
2.61
-1.2441
-2.4784
1.074026
-3.782961
-0.8466
1.699611
-0.92448
-0.033
-0.66234
0.1345
-0.14612
1.0409
-0.75814
-0.1647
-2.66
2.8263
4.1902
-3.3657
3.5947
0.5972
NA
-2.9329
0.6483
-0.39729
0.6859
NA
-0.34508
-0.70908
-1.2691
-0.2003
-0.1433
0.2223
-1.86
0.5133
-1.0571
-0.6661
1.1863
-0.661039
-0.7507
2.567814
-5.3436
1.01159
3.212646
-0.04985
0.8399
0.6887
3.319
1.18695
-1.4363
5.35835
0.0881
-2.936946
-2.02069
-0.99077
0.6902
-0.5831
-2.9782
0.524953
0.7252
-1.9979
1.05
-0.5668
-0.90895
0.60668
-1.496
1.8868
2.3804
0.65658
0.1197
-1.7999
-2.6291
-0.15028
-0.3225
1.477479
0.96656
-3.95
0.8384
0.8657
2.37149
4.063935
-0.8264
0.495
-2.88739
-2.3561
-0.76537
1.6428
0.7101
-1.73596
1.37
-1.941529
0.408
1.3152
-2.6442
0.79729
-0.676247
0.965
4.46
-0.452638
2.908213
1.69707
0.2576
0.6808
-2.72996
-0.3491
-1.17005
0.27904
-1.41855
0.122
0.349
1.9978
NA
-4.1133
5.5457
1.09594
-0.18359
-0.25953
-0.94694
-0.223639
-1.175665
-0.5546
-3.76
NA
0.382245
-1.0422
-2.1189
-3.0555
-0.0902
3.979091
2.7283
-1.9334
-2.8385
-0.7892
1.8233
3.46569
0.9059
3.0836
0.4735
NA
2.80836
6.5195
1.22
-0.598
NA
-1.7506
0.1333
1.6809
-1.1204
-0.44832
3.1792
0.9289
-1.02
0.8816
-0.82887
-5.3353
1.86982
-0.00467
0.01951
-1.4916
0.853
0.2906
-1.3419
5.02952
1.802
0.24877
-0.4387
-0.954
0.3427
-2.66912
-0.0738
0.146345
1.4516
-0.2399
-0.952
-1.08366
-0.9072
-2.41814
-2.4391
-1.09157
-4.1927
-0.75491
-0.416
1.146045
1.3476
-0.45282
-4.203345
-1.2507
NA
0.6983
1.0405
-0.8414
1.517413
-0.13265
-2.72674
NA
-1.238
11.4
-1.05528
0.88858
-1.38
3.1118
1.798
7.15056
-0.2438
1.8258
0.4248
2.1884
1.8542
-1.37972
2.90418
-2.916048
0.77279
1.39
1.4266
-0.04465
-0.54103
-1.692
-1.92619
-0.1595
-0.3073
NA
3.1627
-1.08
0.12056
1.193
4.1033
4.0537
-1.47855
-1.10428
-1.81921
-4.67363
-0.9537
2.0731
-3.4464
-6.87
12.8
-1.0607
-0.2536
-1.8853
2.5196
2.93519
0.3159
-0.015
-0.013
0.4317
NA
0.801
-5.2462
0.883
-0.6916
-2.55838
-0.80952
-0.09103
0.478479
-1.66
-0.1022
4.12869
-2.80957
1.55
1.7432
-0.18333
-0.16544
-3.1535
0.1298
0.7457
-1.67131
-2.54
-1.59641
-2.1433
-1.064
-2.033
-0.446
0.655
-1.9808
-1.1035
-0.543
5.74783
-2.2685
2.70118
0.0833
-1.79206
-0.3595
-0.603383
0.0329
4.9011
-4.14849
1.5079
1.8393
0.43149
-0.03185
-0.3509
-2.62233
3.04711
-2.39037
-1.944
-0.63463
NA
-0.176
0.0459
-0.345
NA
2.04
1.49713
0.54319
2.9518
-0.3428
0.8045
-2.72411
-4.4256
1.2727
1.1902
1.28267
4.5952
-0.85618
-0.7353
0.88489
0.9554
-0.5488
-3.6769
0.804
0.8924
0.40296
0.8144
-1.1934
1.1282
1.3378
-0.3055
1.0274
1.30826
-1.6907
-0.50222
0.49028
1.0047
1.24858
-3.1171
-2.29743
-2.222805
-4.42227
2.1948
1.225
3.433785
4.88
4.62181
-0.15937
-0.3956
-0.8704
-1.1981
-0.6436
1.28
3.2346
-3.412
NA
-1.51524
-1.4943
-0.45195
-0.7426
1.7465
1.4352
-0.69108
-0.32629
-1.23
-3.32518
2.2141
-2.0472
1.136996
2.828
-0.90331
0.8758
-2.1184
-0.73
4.77
-1.0361
0.2157
1.07906
3.3401
1.8987
-3.7794
-1.15744
-0.17403
0.2301
0.855
-1.4152
-1.64826
2.078468
0.0571
6.047
-5.4446
-1.4639
-0.1631
-1.4267
2.0055
-0.5907
0.347
-1.101469
-5.2
0.3351
-1.8969
0.424
-3.14095
NA
0.57913
0.6496
-1.1977
1.6468
1.10374
2.30071
1.4953
2.6802
-2.2987
-1.0845
2.1671
-1.2075
-0.02
1.1333
2.02
1.1422
-1.795744
0.256
-2.8752
4.847505
-1.53
-0.700668
1.3
2.12
0.9036
1.5026
-0.671
0.2794
0.327
-1.6387
-0.747
-0.48542
2.62493
-0.35421
-2.981723
-0.3557
-1.947496
1.128779
-0.803403
0.5574
-0.055969
-0.087
NA
0.1287
NA
0.6243
0.59799
NA
1.6743
NA
NA
NA
NA
NA
NA
-3.6973
NA
NA
NA
NA
NA
NA
NA
NA
NA
NA
NA
NA
NA
NA
0.582
NA
NA
NA
NA
-3.33872
NA
NA
NA
NA
-1.6224
NA
0.029005
NA
0.89257
0.32613
NA
NA
NA
NA
NA
NA
NA
NA
-2.64123
NA
-0.857
NA
-3.852731
-4.81997
NA
-0.61576
0.2261
-3.05421
-1.0093
-0.52334
-1.671
-1.4881
-1.3961
-1.36571
-0.9796
0.55128
4.3358
-1.9983
0.3183
-0.262
-2.0412
1
0.914
-1.3724
-2.7973
-0.9468
-1.78
0.2222
-4.79829
0.223
-0.89628
1.2035
-4.00804
-2.52
-0.1597
0.3269
-1.6153
-5.9197
-1.0385
2.4074
0.5154
4.706563
-2.2393
0.08278
0.65222
-1.9319
0.57842
-0.496
4.1139
0.117
-3.35757
-3.8
0.41211
0.764
1.01
2.40284
-0.216
-0.87684
-1.4366
0.88619
NA
NA
NA
0.1241
-0.91405
3.52437
-1.55869
5.47412
0.64733
3.1098
-0.41108
0.84925
0.863
2.7128
1.6017
0.2295
2.6262
0.16213
-1.1354
0.67062
0.41513
-1.3751
2.163583
0.94318
5.2382
3.45773
-1.019
-0.954491
1.14481
-2.15285
1.6413
-0.535
0.325
0.758585
1.6232
-0.7484
-0.5617
3.8265
-1.1469
0.1431
-0.2652
1.0624
-0.30306
-0.8222
3.1971
7.0504
-3.432
1.71183
-2.42041
0.786
4.3592
0.249
-0.7727
-1.703969
-1.0492
2
2.5902
0.7737
-1.193229
-1.2026
1.41758
-3.65222
-1.1096
-0.034255
1.40959
-0.57534
-3.1794
-2.1366
-4.65
12.5
-0.09205
NA
-1.97543
1.66572
-2.5034
NA
0.016
1.0257
NA
0.93198
2.26525
-1.50299
1.947
1.72
2.0428
-1.2978
2.9473
0.62746
-1.2547
0.59066
-1.39419
-2.24579
2.8239
-1.4757
-2.4301
-1.4584
-1.6552
1.8143
0.2043
-2.6178
-2.105569
0.6299
2.1474
-0.901
-1.02034
2.1789
-1.9613
-0.5185
-3.19558
2.1006
-1.0685
1.2194
-0.501083
-0.07518
-4.6657
-1.46
-3.24
-2.57263
0.960495
-0.5364
-2.395578
-2.86017
-2.671132
-0.70273
-0.03994
-0.90609
0.10785
-1.944241
-1.11039
3.351
-1.1732
1.53
-2.7594
-0.75045
-0.74301
NA
0.92766
NA
-2.1956
2.322752
-1.7869
-0.269
0.9732
-1.7854
-1.36078
1.743754
1.4534
1.670497
0.9716
2.62
-1.60032
-0.2486
1.57264
-0.4167
0.6429
-2.02801
-3.1653
-1.5394
-1.6907
0.7827
3.05455
0.00778
-1.74414
-0.7138
2.4324
0.37417
1.4438
1.9363
1.0982
4.074
1.2704
4.27
0.993
NA
1.34
0.076705
-0.423
-2.29
0.69644
1.74804
-0.694
4.06508
0.461
-0.21539
1.9276
-1.063
2.5537
-0.5222
NA
2.1171
1.14
-3.12
-1.80426
-1.48275
-1.07
0.666
-1.33
1.54
1.4143
1.6213
0.7899
0.1469
1.9163
-0.38252
0.1055
-2.3523
0.0381
-1.40827
-1.42578
-0.0383
-2.2309
-0.03113
2.1003
1.6019
-0.3892
0.308
2.74064
-2.1353
-0.8222
1.51862
-0.7724
-0.636
9.13
-3.0022
1.17267
NA
0.8956
-1.4073
-0.2369
-0.5321
-1.2721
-2.9121
-2.552
0.1798
0.29416
-1.3134
-3.9737
-1.2375
-0.6263
0.9748
-0.0112
-1.556
1.3157
-0.7709
-1.111
-0.37065
-0.2394
0.8598
-1.3101
-2.51043
-1.9565
4.37178
-1.77111
-0.2398
-0.3555
-3.6511
0.245604
1.8076
0.60626
-0.66423
-1.8143
0.04904
2.942496
NA
1.4931
-1.0201
-0.3723
1.771
1.5255
-3.1851
NA
-0.49718
-0.9419
1.2532
-0.3131
-0.33928
0.3336
0.22244
-2.10083
1.47579
NA
1.0068
2.0097
0.58029
NA
-2.8189
-0.8685
0.6646
2.908977
-0.3264
0.30908
2.1862
-1.33
0.9356
1.03817
0.28927
-1.8826
-0.5043
0.129
1.9785
-0.4314
0.2799
-3.9757
-1.4746
0.2304
-0.5403
-1.4028
-0.8735
-3.95819
NA
-1.85386
-1.6995
-0.4796
-0.6299
0.9864
-0.6195
-0.62002
0.941854
1.5181
-1.4647
-1.7086
-1.4257
0.5663
2.4716
-1.192
4.8534
2.6201
0.12031
0.64548
-1.3647
2.7827
-2.300388
-1.41
NA
-1.3385
-0.22241
-0.2165
0.6587
-1.07481
NA
0.8999
3.2269
-0.9423
-2.1593
-0.742999
-1.632
-4.241905
1.07533
-0.648481
-5.3141
-2.54
-0.774
-3.399923
0.59
-0.7593
-2.5011
2.8444
1.04605
0.5605
1.9109
NA
0.5699
-0.4966
-0.7056
1.27048
0.29456
3.0768
-1.1486
-0.738
-3.7871
1.08
1.99429
-0.22258
3.30535
1.10409
-4.02998
-0.1152
0.19758
1.4716
0.6093
1.25513
0.3538
0.5507
-1.6182
-0.7407
-3.3085
6.3745
-0.087798
-1.4835
-4.676
1.55
1.60457
-1.025767
2.3717
NA
0.0733
0.68234
-1.5937
1.1009
1.09464
0.1122
-0.1375
-1.62526
-1.6514
1.51
0.1557
3.351687
-2.6569
NA
-0.0463
-3.0144
0.6757
-4.3846
0.9852
0.701666
-2.88806
0.785
0.94829
1.02578
0.9652
0.159274
-2.3591
0.5456
-2.97815
NA
0.0327
0.984
-1.0994
-0.4896
-0.0752
-0.136
0.8378
0.04435
1.0369
NA
-0.28
-4.6926
-1.8425
-1.0943
NA
-0.4647
-5.33631
-1.1473
NA
2.8582
1.51776
-1.21295
6.1211
-0.8737
-1.9
0.7693
0.6314
1.9508
-2.252057
-1.1346
4.78275
1.55
-0.1005
2.1966
-1.3976
-0.3139
1.1961
1.3426
2.0869
-0.251
-2.5638
-0.5853
-1.4724
2.0964
-1.6064
-1.49486
-1.4805
-0.4146
2.2792
-1.73309
-0.313
-2.11867
-1.536943
-0.41703
1.0412
-1.870082
NA
0.9245
1.4002
2.2937
1.738
-0.56789
-0.2439
NA
-2.082894
1.57
-1.8433
6.6346
0.3832
-0.99
-1.7506
0.1966
-3.1247
2.85783
-2.3625
-0.1664
NA
NA
1.5526
-1.2448
-1.0158
-0.97089
-0.38342
-2.915
3.3851
-1.951
2.6515
-0.21922
-0.3717
-1.8366
-0.8595
2.0664
1.6655
1.3565
-0.9137
-2.01
0.102
1.14
1.6549
0.7776
-1.1551
3.85459
1.6686
-1.94791
0.940243
-3.4242
0.4481
NA
2.69105
1.5584
0.2709
0.3418
-3.1788
-3.69298
1.4675
0.3562
-1.9505
-0.95454
1.2349
-5.7518
NA
3.0781
1.0833
-0.779628
NA
1.703535
1.112
-0.36731
-0.9859
0.0993
-1.7814
2.5555
-2.1601
1.4934
0.73094
-2.5697
-2.2384
NA
1.4796
-0.82976
2.59967
-0.949724
0.21899
-3.914
-0.3037
-0.327
-0.0556
-1.77
-2.5825
NA
0.115598
0.93838
NA
-0.51215
-1.2847
-1.33207
1.5107
0.82249
0.1125
0.5233
1.1949
-1.7598
0.6897
2.3139
2.6935
1.9425
NA
0.1955
-0.8222
1.6271
0.26121
NA
-1.4995
1.2419
-1.1582
-1.6936
1.4868
-2.56876
-0.5572
-1.30065
0.412
0.3879
0.086
-1.5372
2.79
0.80196
0.9561
NA
0.02683
3.4449
NA
1.2674
-0.4796
2.2886
0.671678
2.8885
-0.925
-4.572928
0.54929
2.8234
0.4885
-0.2058
0.36662
-1.44
-2.4357
1.62585
1.5975
-1.3333
-2.4398
1.8519
2.06266
0.1659
NA
-3.0344
-0.9189
2.06886
0.75935
0.06584
-0.800954
0.9148
1.73472
1.8703
-0.328
2.5173
0.0958
-3.9486
-0.3939
0.4086
-1.40113
-0.11835
NA
0.0273
1.3876
1.06213
-0.5899
0.5935
-0.1698
-0.3994
2.1855
-1.96402
-0.403
3.3537
-4.3033
2.5542
1.4162
0.490834
-0.569
-0.67941
-0.0681
2.3215
2.41
0.4084
-0.6455
0.24283
-0.634632
-0.6797
-0.6242
0.03
0.9773
-1.188915
-0.0557
1.0999
-2.6716
-0.7501
-3.48182
NA
-0.1795
0.73379
3.4713
0.288
-1.21247
0.8244
-2.19
NA
-2.96
-0.6293
-1.44469
4.51159
-2.1781
2.2654
2.7595
-2.22673
1.382694
-5.1755
2.1091
-0.3073
1.0343
-1.95437
-0.7817
0.7454
2.44407
0.0323
-0.4044
0.15172
-1.8736
1.89114
2.0349
-0.53783
3.69
0.3245
NA
-2.09776
-3.0534
0.345
-0.182
2.0516
3.0594
1.3513
-0.707361
NA
2.5753
0.31194
2.3641
3.84709
-0.60969
0.0997
-0.6052
NA
1.844
0.0179
-0.8721
-0.6648
-0.3551
-3.47063
2.01
2.4138
-1.2782
1.7604
0.41063
-4.096
2.1995
2.185419
-2.69012
-2.7925
1.496673
1.8594
3.57
1.23976
2.26427
0.0325
-1.7276
-3.3919
NA
0.1734
-1.15297
-4.97929
-0.3012
-6.676
0.4361
1.25
-0.9082
NA
-0.69847
-1.97178
-0.7421
1.5932
-2.557
2.262951
-0.6587
-1.49303
2.176
2.9949
-1.3674
1.0634
-0.6708
5.5634
0.11219
-1.91
-3.000356
0.4962
2.6915
0.45398
0.97788
2.8858
-0.9722
2.6878
2.8344
1.53
1.66
-4.6678
0.093862
0.5301
2.61
-0.7265
1.0107
3.89
0.9119
0.111
-1.7787
0.32477
0.895108
-0.2651
0.9646
-0.17392
0.6587
-1.1632
-1.60106
NA
1.0413
-2.0829
-1.97073
1.9195
-1.1797
NA
0.4119
4.31
-1.8745
-2.4508
-2.1159
0.364746
-1.8488
-5.627491
-1.7171
-2.0489
1.81
2.9155
-0.34615
0.7532
NA
0.16457
-0.7793
2.4114
-1.0513
0.201826
-1.50543
-3.85
2.0914
3.2057
0.3477
-0.719
-2.2478
-0.055
-1.8753
1.4204
-0.1539
-0.96731
NA
-3.37
2.2537
0.74354
3.06847
1.8789
1.3029
-0.85147
-1.61341
0.6153
0.7799
-0.63
2.726
2.66
1.9064
-0.622087
2.115509
0.427122
0.283197
0.1681
0.60346
-0.92009
-0.68818
-2.7581
1.539676
0.4306
-0.83782
0.5732
-3.5368
-2.1849
0.0783
0.122
NA
-1.4378
NA
-2.05259
0.392
0.12371
-0.19415
-0.1867
-2.012928
-1.06626
-1.219727
-0.65514
-0.66129
-0.56332
1.3657
0.6222
0.3877
-0.56062
0.8653
0.3238
-0.4855
-3.94007
-0.32893
0.81947
-1.355
-2.02695
4.00373
-2.8761
-1.1155
1.0022
2.1122
1.8883
2.395535
NA
0.5352
0.25745
1.8274
0.7095
-1.29561
0.59176
-1.0648
1.53916
-0.71252
0.1053
0.3072
-1.1044
NA
-0.5771
-2.45712
4.6689
-1.64085
-2.82172
-0.0237
-0.9748
0.5256
-5.64126
-0.346
-5.1228
0.7555
2.9431
-1.8284
-0.1461
2.222
-3.9191
-1.8954
0.8787
-0.0741
0.74935
-2.9024
3.07525
0.7731
-1.028344
-1.7074
-0.295
-0.8221
3.3095
-2.8446
2.4506
-0.456
1.73769
-0.3631
1.0367
-6.19441
0.9753
1.73989
0.7019
-0.3587
-0.087
1.236
1.5526
-0.8404
1.3973
-1.9005
0.6008
2.2197
-1.81783
1.48211
-2.1849
-2.3258
-0.3736
-0.1255
-0.2212
-1.002
-1.6781
1.287857
1.5526
-0.743
-2.9193
-0.8665
-0.0434
0.406
0.6925
NA
-4.43406
0.00809
0.4348
-0.0287
1.73895
-1.2609
-0.826
3.9905
0.8215
2.7777
0.3279
NA
2.1042
-0.46605
0.5737
-1.96805
0.47924
-0.328
-1.5735
-1.4384
-0.8283
NA
-1.6812
-0.3315
-2.3413
-1.3156
0.26443
-0.1594
-5.7228
0.304
3.608607
-0.4271
-1.79161
-3.5585
-0.8547
0.4927
-0.7789
1.7296
-1.6963
NA
1.665247
2.9272
-0.797
0.901
-2.8536
1.06207
-0.9156
1.0082
-0.04211
-2.3218
-2.50413
2.07959
1.24318
-0.3895
-2.6176
1.26846
-2.21201
6.6918
-1.1595
-3.05278
4.46959
-5.16231
-2.3335
-3.4637
-1.86771
0.45759
-10.3421
0.05567
2.1732
-1.41494
-0.32608
-1.4146
-1.9153
-1.4259
0.19284
0.769
0.51538
0.97
3.6047
-2.8373
0.11732
-0.97933
-0.8788
4.27
-4.0842
5.06539
1.09735
-0.8599
-0.2979
-3.31278
0.15775
3.11217
-1.38851
0.05349
-2.93268
-0.71858
-1.60782
-3.4
3.5239
0.89359
-2.19891
2.00832
-1.55801
NA
-3.86186
3.9114
-0.19195
-0.8877
-0.37258
-1.89851
-2.5257
-3.68416
0.57165
3.52173
0.8613
1.2624
0.69253
-1.21015
-3.4474
-1.52974
-3.8366
1.76873
0.18075
0.58706
-1.8884
0.62936
4.2424
-1.31202
1.7078
0.1887
0.3396
5.36445
-0.49664
0.6059
-0.81275
1.8451
2.6636
-0.037
-0.3777
-1.3945
1.66257
0.19062
2.7531
-0.33
-0.00851
-0.2964
-0.6742
0.93403
-0.3604
1.7789
-0.55129
2.1732
3.20896
-0.995
1.3632
-0.38219
0.72164
0.3107
1.17058
1.07295
5.6924
0.26843
1.26648
-1.5214
1.5258
1.17298
0.17419
-1.46
-3.16224
-1.9361
-0.0484
-1.83661
-0.747
2.50058
2.4972
-0.736
5.09784
-1.3349
-2.0202
-1.0022
2.59768
0.69446
NA
-4.48702
4.8434
-1.4543
-0.43532
0.45286
-0.9172
0.28528
4.60897
-0.35609
-1.41144
4.66222
2.2012
-3.601
-1.1207
0.49666
-0.38048
2.11245
-1.28069
-0.46551
0.72718
-2.2838
0.6868
-1.6299
0.02158
-2.4949
-1.03723
0.76743
0.3413
0.8613
-1.50552
-12.5
-0.5809
-1.30352
-0.66473
-1.18281
-0.3982
-1.21878
0.75254
0.89255
-1.89763
-1.59333
0.78337
-1.773
-0.62303
2.3433
-0.1655
0.06488
-0.9754
3.15875
1.2928
1.3686
0.2134
-1.20244
-0.8157
-1.7574
-3.3315
4.8996
-0.79153
-1.24524
-2.46756
-0.0894
-2.3701
-1.9872
3.1964
0.5548
-3.1073
0.63883
1.5322
-3.3343
0.3002
2.2259
-2.8389
0.9792
-0.8003
2.7973
0.6139
-1.0824
2.0257
-0.07562
-0.3179
2.9746
-1.0116
-2.894
-1.0643
-0.82827
3.0094
3.1264
0.1319
-3.4596
0.6401
-0.21342
0.0434
0.2237
0.6447
-1.9382
-0.22543
0.08313
-2.4831
-2.67387
-3.5276
2.8335
0.53727
0.49341
-4.82653
-0.07773
-0.66602
-1.7606
-4.7314
0.4092
-1.91054
-1.1326
1.7027
-1.65117
2.5944
-0.21323
1.082
0.77171
0.89332
-3.74656
4.36939
2.1244
1.25388
-0.1947
0.73883
-0.44205
0.8005
3.544
1.3856
-0.6328
0.1597
0.8389
5.3786
-1.89899
-1.52678
0.1894
-4.06
0.7
-1.6513
3.08792
0.6436
-1.8671
5.3786
-1.6477
-2.42018
-0.2625
1.5637
-4.33591
-0.6623
0.505
4.2759
-0.43071
-1.0862
0.13719
-6.1626
1.4307
3.18914
2.2107
-1.51229
-0.313
5.43299
1.1492
-3.9575
0.74138
4.1115
3.6501
0.45618
1.5994
-1.06759
-0.40194
0.8566
-3.4974
0.00386
-0.4394
1.27088
-1.42799
-0.9305
-1.59458
-1.3836
1.908
0.72461
-1.2163
6.72624
0.83421
0.8366
0.41076
-0.58802
3.74778
1.10852
-0.777
1.91287
-0.80601
1.86802
0.0385
-0.76961
-1.6471
-0.6929
0.15017
0.310606
-0.92914
0.37114
-4.44
1.4105
0.2211
-1.63757
-1.3267
1.6473
-1.04202
0.8603
0.69265
-1.21393
3.81442
-3.14821
0.03475
-6.03834
-1.8797
1.865
1.62053
0.36805
2.277
-1.05012
0.52129
0.1871
2.8596
-2.3784
-0.0842
-2.2023
0.1544
0.90319
0.694
-1.7391
-0.2062
0.37613
0.76344
-1.82
-4.4338
-1.6897
-0.4908
-0.69476
0.125
0.5642
-0.0858
-3.99985
0.50395
-1.76137
0.27388
0.17132
0.9158
-0.7109
-0.64606
-0.57318
0.8351
0.4291
2.39
0.98338
-2.06543
-1.18
-0.22621
0.02805
5.59849
-2.30246
-5.14474
1.1715
-1.9498
2.7662
-1.5693
-1.2923
-1.10786
-1.33539
1.3861
-0.1062
1.09639
1.9725
0.97445
0.3981
-4.7003
-0.51591
0.86982
0.3938
-0.0033
-3.25301
-2.1988
2.9679
-3.20129
-0.5808
0.00565
0.5658
0.7795
0.4089
-2.15368
-1.485
-0.62287
0.11779
4.0089
-0.18866
-0.06635
-1.24599
0.64528
1.75
0.33415
-1.59977
-3.46951
-1.5679
1.45272
2.18265
0.68887
0.41577
-0.86072
1.68
0.557
2.35
0.828
0.88461
-0.26
1.0685
0.227123
-1.61
-0.356
-0.8147
-1.68
0.81703
-2.49392
0.552
0.7674
1.8639
0.863
-0.6377
1.79436
1.67
11.7
0.5782
-2.81095
-0.426
-0.0471
-0.409
0.4005
-0.724882
-0.3246
1.6674
-1.88
0.87501
0.218
-1.47231
-0.537
-5.01309
3.9819
0.3344
-2.3739
-0.81664
0.389
-1.51684
0.83
-2.45
4.38
-1.68
3.1412
2.9625
-5.07
0.566
-8.84
-3.2595
-0.651
-0.385431
-3.83
3.69
5.1
1.30309
0.173
-0.50243
-0.848
-1.5
-0.2503
-5.02e-05
-1.65
-2.94114
-0.9931
0.2788
-3.5
-0.777
1.74443
-2.4826
-0.6608
-0.2854
-1.2603
-1.13
-6.28
-3.4984
-1.2304
-0.7575
1.0281
0.908
-1.258078
-1.9936
0.11
1.5134
1.61041
1.82317
-0.499
-2.08723
3.0277
1.5241
0.219
-1.16981
1.7123
0.473
-1.2418
6.39047
-1.1418
7.37
1.5114
1.1889
0.9816
-2.27
-2.3888
-1.83401
1.7707
-0.8217
1.4303
1.83
0.0925
0.296
-0.374
-0.34267
-0.7173
-0.175357
0.3777
-1.88187
-0.739
-2.5277
9.16
0.621133
-1.8432
-0.233
-1.7532
-0.113
-1.0615
-2.6366
-0.77049
-1.66
-1.75618
0.0052
0.955
3.25
0.642
-0.952
1.1282
-0.8585
1.94812
-1.74967
-2.37
-1.2981
1.91542
-0.84068
1.949454
-0.315098
2.006323
1.235998
-0.834
1.162457
1.42
1.859009
-0.293
0.414769
-0.683
-5.9
-3.38
0.960067
0.747484
1.88
1.217
1.82
0.943078
-2.6434
-1.256198
1.2441
1.765874
-0.93342
0.401
1.1059
2.2851
-3.44
-3.827696
-0.37919
-0.0977
0.458
-3.57
-6.293439
1.91
1.87
1.69479
-1.26
-1.935672
-0.4429
1.16815
1.89284
1.765061
-0.099375
1.1271
1.39213
2.55415
-0.847
-0.44492
1.11101
-0.13643
2.54186
-4.216512
-1.1033
NA
-0.123534
0.600255
-1.335883
0.5652
3.104635
-0.9556
2.086821
4.11205
2.23296
-2.479087
0.3877
-1.751551
0.564528
-0.25858
0.01357
-1.175994
-6.7088
0.5522
2.527087
-4.6227
1.33023
-1.49278
-0.0315
2.770684
1.17513
2.101257
1.04961
1.1206
-2.202
-2.7935
-2.3027
-2.062065
-0.5021
3.4237
-0.150078
-0.097181
-0.0742
-1.43595
-0.17153
0.085723
0.10063
-0.57315
-1.12334
1.2462
1.68105
-0.53936
-1.0822
1.6493
-1.482637
3.04516
-0.064994
-1.8765
-0.22235
0.52697
-2.06859
1.459687
-0.8212
0.04761
0.8403
NA
-0.12323
3.55522
0.34661
-0.69608
-2.00784
1.18356
0.5039
3.149
3.7697
2.1191
-3.28875
-0.22834
-1.3571
2.9848
-0.18919
-0.4263
-1.7289
2.2568
-1.2295
0.1509
-0.5742
0.46837
-0.0542
1.50758
0.98232
2.0697
0.1678
2.69711
0.52123
-0.4088
1.15611
1.79749
0.187279
-2.0412
-1.5175
0.43
0.7236
-0.028743
-3.514
-0.0723
3.2141
0.8775
-1.11189
1.166
4.086029
4.1399
-3.00967
10.84764
0.943672
-3.2656
-0.15706
-1.3195
2.84974
-0.76056
-1.0669
-2.7406
4.72391
0.4826
1.7232
-2.45407
-0.351
0.6836
0.5023
-2.4062
-1.33895
0.8856
-1.01024
-0.4793
1.51567
1.4
2.2523
-0.83138
1.0349
1.50334
0.50996
-2.945
0.484
-2.02929
1.4277
-1.60529
3.55873
1.4147
-1.84173
-1.3516
-1.49555
-0.31431
2.99479
-0.7765
-0.36673
-0.345
0.4939
-0.69224
1.01048
-0.2651
-1.4557
-0.78293
-0.1273
-1.36296
-0.28055
1.7179
1.5937
2.12
0.36797
0.79804
-0.0831
-2.01149
-2.5062
-1.306
-0.47808
-3.22577
-0.2447
-0.256
-0.99
5.5813
0.07604
-1.04
0.69342
3.33271
7.4168
-0.29805
-1.279
0.201
-2.28651
0.89403
-1.35
-0.65047
5.33098
0.6292
-0.03254
-0.7204
-2.1171
1.201
-1.3221
2.063507
0.29561
-0.2626
1.7071
1.74214
-2.6249
-1.7677
6.47951
-1.42
-1.7677
-1.60838
0.08872
-1.0375
-0.5412
-2.76981
NA
-1.8238
-0.45178
-1.53
3.62
0.5694
0.72536
-1.072609
-0.4095
-0.5622
-2.5062
3.5669
-2.8865
-1.342737
1.00582
4.2544
0.9475
-0.1996
0.1659
-1.0538
1.2937
0.93065
-0.574654
-2.42
1.3156
1.56622
1.3376
0.0554
-2.17595
-0.3076
0.7126
NA
3.19745
-0.5993
-2.23399
-0.8126
-0.3931
-2.67
-0.5079
0.0485
-6.42109
-5.12166
-0.8967
-1.2674
-2.296
-1.06
1.1691
2.49606
-0.885
-1.14
-0.2
-0.06371
0.1611
-2.15
-2.41
-1.1195
-2.18288
-0.6892
NA
0.4199
-0.1192
-0.4374
-1.58
1.1841
-1.2395
0.2592
2.8091
-2.1938
2.43077
-0.78
3.97376
0.0253
-2.78602
NA
3.9436
1.5921
0.382
-2.15587
-2.72404
NA
1.52
-0.1599
-2.21246
1.9043
-0.59
-3.95627
-0.0969
1.07
-0.7175
2.66
-1.9482
1.8155
1.4569
1.5901
0.4566
-10.4537
1.53108
-1.20182
-3.8982
0.8513
-0.5427
1.297278
-2.3207
NA
-2.48
NA
-0.5455
-0.0922
2.9475
0.98566
NA
-1.5547
1.7
-1.47
2.3631
-2.66
-1.2198
-0.7509
4.792688
1.5008
-1.4053
-1.387059
1.063
3.91033
-0.51381
0.9554
-0.39399
-0.88746
1.0469
-0.2131
-0.0814
-1.91485
-3.6755
-1.326
0.062
-1.5988
1.19265
2.1474
-1.1019
0.7233
1.89124
NA
2.3227
1.567
1.015
-2.7884
2.69963
1.6284
0.4367
1.6703
3.7433
-0.48067
0.917536
1.1789
2.1405
-0.79745
-2.8576
-0.38349
3.269786
-0.60607
-1.4316
-0.7891
0.85556
0.426706
-0.0977
2.8418
-1.8618
-1.7495
-1.5
1.05984
2.8424
2.8937
-0.5125
-0.2913
0.5428
2.7993
-2.6555
5.9044
0.4021
-0.086
-0.9253
0.2652
0.4034
2.0354
3.25234
1.01684
-0.1594
-1.1587
-1.702
-1.43907
0.5853
1.9966
NA
-1.0503
0.5339
-4.205
-3.0695
-3.7228
1.48346
-0.3497
-3.27939
1.7278
1.0914
4.5336
4.0296
0.5015
-2.0731
1.55582
-1.825
5.23
2.8729
-0.12125
1.33472
-1.75962
0.5361
1.81
0.8806
0.91393
0.225261
-0.56513
-2.1501
0.05147
1.9363
0.3075
-2.8344
-4.54509
1.03259
-1.33096
-0.4286
-3.5654
-2.4757
-1.7049
1.122
-0.156
0.574
1.447014
3.4368
-5.3844
-1.57
-0.9237
-1.0996
-0.5814
NA
-0.3627
1.658214
-1.4288
0.47233
0.87408
0.27799
-3.46299
-0.328
2.9513
-4.1516
-0.8696
-0.2766
0.7504
0.8086
-0.8811
-0.3316
0.6783
-2.9887
2.71
-0.3533
1.7668
1.01172
-0.4415
-0.2697
-3.4985
0.86689
-0.169894
-7.9843
0.8208
-3.33281
-1.33538
5.1587
1.6596
0.7538
0.734
-1.15
-2.562241
4.5801
-0.096963
6.9483
1.45657
-0.0258
-1.5012
NA
-1.3897
2.1379
0.6496
0.569852
1.0516
0.645
0.856935
0.007
-1.98618
-1.0092
1.18979
-1.76676
-0.84446
0.45535
2.43523
-0.2132
1.80071
1.05
1.997781
-0.49456
0.13817
2.6971
0.8267
-2.7862
1.1488
3.7091
0.5228
0.0758
-0.754
-1.4395
0.6135
3.219961
-0.804529
-0.891785
4.2788
0.78745
-0.63081
1.55201
NA
1.1867
1.3031
-6.7088
-1.895964
1.9589
-1.24407
-0.7366
2.02964
1.0266
-0.798198
-1.3064
0.0267
-2.1957
1.91364
-2.3307
1.538544
-2.32669
1.16
0.82561
1.165404
-1.94843
0.65423
1.69
2.8481
2.594225
0.53986
-7.942289
0.35
0.47095
-1.88948
-6.2167
-8.1499
0.96772
0.61566
-1.2198
2.8483
0.489917
2.22
-1.2675
3.042042
2.1971
0.8891
4.5922
3.173162
1.3935
-1.3403
-1.77
0.07362
-0.4242
-0.86893
2.36195
-0.7113
-1.6605
1.4758
-0.5075
-3.54345
1.4813
-4.253711
2.447763
-2.782
3.2907
3.9191
1.44546
0.7176
0.4361
-0.3234
0.9296
-1.1
-0.6735
1.11076
1.3674
-3.0742
0.6571
3.68802
1.615368
-0.4796
0.8438
-5.3396
1.11507
1.6159
0.099
1.42
3.2709
2.70839
-2.39336
-0.95253
0.331
0.583
-0.198
-0.31561
-2.1321
-2.9135
3.4401
5.135
1.52524
-1.47
-5.393707
0.129
7.124113
4.4814
0.21913
-0.801
5.51572
0.4843
1.1207
-1.0555
-1.11
0.008837
1.50318
3.4394
0.2601
-0.3568
0.8418
3.97
1.5482
-0.6774
0.22133
1.3614
-0.594
-0.3501
-0.0766
0.0628
2.2663
NA
2.8531
1.2192
1.66616
0.418
-0.9558
-1.95486
0.0985
1.4769
NA
1.22732
NA
-1.06
2.2473
1.78
-0.87097
-0.5787
-0.1376
-2.12873
0.22074
2.6077
0.0194
0.118344
1.30547
-0.8287
1.5718
1.859292
2.8098
-1.5696
-0.35551
-0.5844
1.03
-1.9476
-1.2981
0.21728
1.15362
1.1043
-1.0468
1.3929
-2.1604
1.2658
1.87
-0.0882
7.6778
-5.8689
-0.7556
-1.7486
0.00791
1.1868
1.7952
2.1387
-3.18442
-0.541
NA
1.5526
-0.20126
-0.95068
0.17592
-0.565754
0.2788
-1.4884
1.0982
-2.6656
0.57526
2.09595
0.2408
-1.31052
1.1072
-0.4064
-10.27463
-0.74921
2.5175
-0.3376
-1.16218
0.1491
-0.14173
-0.5148
-3.276
-1.0357
-1.35438
-0.21811
-0.8888
0.6243
3.7395
-0.7036
0.88227
2.2517
-2.1758
